1 2.462
2 2.350
3 2.470
4 2.853
5 2.597
6 2.695
7 2.797
8 2.932
9 3.034
10 3.037
11 2.924
12 3.368
13 3.694
14 3.278
15 3.030
16 2.539
17 2.569
18 2.714
19 2.641
20 2.684
21 3.274
22 2.818
23 2.789
24 3.034
25 2.828
26 2.396
27 2.584
28 2.580
29 2.491
30 2.169
31 1.824
32 1.474
33 1.252
34 0.831
35 0.328
36 0.196
37 0.608
38 0.877
39 1.425
40 1.528
41 1.893
42 1.799
43 2.072
44 2.121
45 2.514
46 2.582
47 2.832
48 2.285
49 1.804
50 1.544
51 0.865
52 0.472
53 0.275
54 0.512
55 1.263
56 1.402
57 1.639
58 1.873
59 2.322
60 2.504
61 2.660
62 2.965
63 3.149
64 2.808
65 2.897
66 2.994
67 3.018
68 2.956
69 2.981
70 2.914
71 2.918
72 3.189
73 2.993
74 2.548
75 2.299
76 2.173
77 2.171
78 1.835
79 1.966
80 1.964
81 2.007
82 2.492
83 2.261
84 2.425
85 2.608
86 2.609
87 2.447
88 2.157
89 2.195
90 1.625
91 1.506
92 1.216
93 1.190
94 1.173
95 1.426
96 1.450
97 2.676
98 3.047
99 4.636
100 4.149
101 4.831
102 4.856
106 1.264
107 1.100
108 1.166
109 1.121
110 1.582
111 1.813
112 2.282
113 2.449
114 2.785
115 2.941
116 2.863
117 2.484
118 2.099
119 1.670
120 1.464
121 1.173
122 1.155
123 0.891
124 0.855
125 1.020
126 1.325
127 1.506
128 1.183
129 1.506
130 1.460
131 1.659
132 1.856
133 2.224
134 2.450
135 2.896
136 2.736
137 2.367
138 2.575
139 2.352
140 2.033
141 2.005
142 1.559
143 1.222
144 0.995
145 0.536
146 0.425
147 0.550
148 0.870
149 1.318
150 1.640
151 1.983
152 2.314
153 2.207
154 2.031
155 1.929
156 2.327
157 2.489
158 2.287
159 1.721
160 1.482
161 1.421
162 1.154
163 1.402
164 1.780
165 1.815
166 1.546
167 1.166
168 0.891
169 0.828
170 0.819
171 1.371
172 1.063
173 2.948
174 1.677
175 2.226
176 3.010
177 1.433
178 1.881
179 4.608
180 3.436
181 2.888
182 2.698
183 1.988
184 1.898
185 1.449
186 1.081
187 1.029
188 0.814
189 1.006
190 1.127
191 0.945
192 1.319
193 1.639
194 1.662
195 1.675
196 1.860
197 1.891
198 1.873
199 1.828
200 1.793
201 1.566
202 1.038
203 0.714
204 0.279
205 0.269
206 0.588
207 0.902
208 1.265
209 1.502
210 2.477
211 1.376
212 1.823
