1 2.918
2 3.032
3 3.166
4 3.376
5 3.103
6 3.167
7 3.305
8 3.270
9 3.340
10 3.338
11 3.232
12 3.498
13 3.710
14 3.379
15 3.115
16 2.628
17 2.482
18 2.547
19 2.505
20 2.636
21 2.977
22 2.671
23 2.650
24 2.720
25 2.542
26 2.199
27 2.285
28 2.410
29 2.327
30 2.213
31 1.821
32 1.566
33 1.420
34 1.066
35 0.841
36 0.425
37 0.614
38 0.613
39 1.008
40 1.140
41 1.613
42 1.561
43 1.858
44 1.969
45 2.379
46 2.518
47 2.699
48 2.130
49 1.541
50 1.315
51 0.762
52 0.615
53 0.571
54 1.017
55 1.565
56 1.692
57 1.847
58 2.059
59 2.359
60 2.563
61 2.727
62 2.985
63 3.195
64 3.036
65 3.212
66 3.369
67 3.383
68 3.210
69 3.252
70 3.341
71 3.307
72 3.589
73 3.413
74 3.052
75 2.759
76 2.631
77 2.737
78 2.517
79 2.506
80 2.611
81 2.606
82 2.986
83 2.680
84 2.686
85 2.796
86 2.685
87 2.581
88 2.123
89 2.097
90 1.484
91 1.371
92 1.084
93 1.053
94 1.088
95 1.351
96 1.374
97 2.423
98 2.709
99 4.127
100 3.670
101 4.379
102 4.629
106 1.836
107 1.653
108 1.644
109 1.697
110 2.119
111 2.292
112 2.691
113 2.795
114 3.122
115 3.133
116 3.066
117 2.626
118 2.371
119 2.058
120 1.896
121 1.624
122 1.649
123 1.313
124 1.007
125 1.037
126 1.273
127 1.375
128 1.040
129 1.431
130 1.458
131 1.649
132 1.857
133 2.273
134 2.432
135 2.943
136 2.695
137 2.360
138 2.500
139 2.455
140 2.162
141 2.091
142 1.566
143 1.230
144 0.993
145 0.547
146 0.410
147 0.477
148 0.859
149 1.177
150 1.420
151 1.677
152 1.928
153 1.824
154 1.515
155 1.412
156 1.813
157 2.130
158 2.076
159 1.536
160 1.332
161 1.373
162 1.258
163 1.533
164 1.737
165 1.859
166 1.501
167 1.244
168 0.923
169 0.827
170 0.813
171 1.248
172 0.979
173 3.306
174 1.989
175 2.601
176 3.253
177 1.871
178 1.555
179 4.105
180 3.030
181 2.593
182 2.386
183 1.731
184 1.756
185 1.390
186 0.805
187 0.955
188 0.759
189 1.002
190 0.945
191 0.630
192 0.873
193 1.045
194 0.827
195 0.822
196 0.963
197 1.167
198 1.197
199 1.219
200 1.273
201 1.216
202 0.730
203 0.535
204 0.246
205 0.340
206 0.576
207 0.948
208 1.371
209 1.412
210 2.378
211 1.138
212 1.855
