1 2.558
2 2.592
3 2.720
4 2.976
5 2.734
6 2.815
7 2.915
8 2.937
9 3.012
10 3.036
11 2.930
12 3.262
13 3.574
14 3.190
15 2.894
16 2.404
17 2.303
18 2.391
19 2.350
20 2.459
21 2.853
22 2.574
23 2.546
24 2.726
25 2.500
26 2.159
27 2.331
28 2.388
29 2.226
30 2.010
31 1.621
32 1.322
33 1.132
34 0.782
35 0.548
36 0.174
37 0.462
38 0.657
39 1.253
40 1.364
41 1.732
42 1.693
43 1.966
44 2.050
45 2.441
46 2.593
47 2.794
48 2.292
49 1.732
50 1.464
51 0.780
52 0.406
53 0.243
54 0.688
55 1.291
56 1.375
57 1.582
58 1.854
59 2.172
60 2.360
61 2.499
62 2.788
63 2.986
64 2.744
65 2.900
66 3.023
67 3.051
68 2.938
69 2.972
70 2.994
71 3.004
72 3.274
73 3.083
74 2.716
75 2.423
76 2.291
77 2.337
78 2.077
79 2.086
80 2.183
81 2.188
82 2.590
83 2.362
84 2.400
85 2.494
86 2.436
87 2.308
88 1.908
89 1.890
90 1.334
91 1.244
92 0.968
93 0.898
94 0.986
95 1.228
96 1.234
97 2.673
98 2.957
99 4.461
100 3.999
101 4.630
102 4.724
106 1.416
107 1.283
108 1.291
109 1.278
110 1.716
111 1.957
112 2.380
113 2.513
114 2.862
115 2.883
116 2.806
117 2.361
118 2.065
119 1.735
120 1.538
121 1.245
122 1.262
123 0.970
124 0.771
125 0.927
126 1.144
127 1.318
128 1.024
129 1.438
130 1.515
131 1.672
132 1.932
133 2.373
134 2.526
135 3.036
136 2.820
137 2.557
138 2.566
139 2.543
140 2.260
141 2.187
142 1.706
143 1.367
144 1.103
145 0.654
146 0.313
147 0.270
148 0.586
149 0.913
150 1.195
151 1.526
152 1.786
153 1.706
154 1.427
155 1.351
156 1.787
157 2.016
158 1.937
159 1.473
160 1.210
161 1.285
162 1.173
163 1.432
164 1.697
165 1.847
166 1.565
167 1.263
168 0.952
169 0.816
170 0.899
171 1.398
172 0.994
173 3.175
174 1.880
175 2.419
176 3.098
177 1.584
178 1.761
179 4.421
180 3.262
181 2.795
182 2.663
183 2.043
184 1.994
185 1.635
186 1.072
187 1.116
188 0.853
189 1.021
190 0.986
191 0.736
192 0.929
193 1.109
194 0.952
195 0.884
196 1.015
197 1.199
198 1.257
199 1.238
200 1.235
201 1.202
202 0.688
203 0.485
204 0.268
205 0.425
206 0.795
207 1.181
208 1.525
209 1.607
210 2.543
211 1.384
212 1.864
