1 2.662
2 2.660
3 2.779
4 3.063
5 2.806
6 2.882
7 2.985
8 3.033
9 3.117
10 3.118
11 3.016
12 3.357
13 3.613
14 3.257
15 2.993
16 2.507
17 2.443
18 2.547
19 2.492
20 2.574
21 3.014
22 2.659
23 2.633
24 2.809
25 2.602
26 2.211
27 2.375
28 2.458
29 2.350
30 2.114
31 1.760
32 1.472
33 1.302
34 0.913
35 0.563
36 0.277
37 0.571
38 0.718
39 1.226
40 1.334
41 1.738
42 1.671
43 1.954
44 2.036
45 2.443
46 2.570
47 2.778
48 2.240
49 1.692
50 1.467
51 0.794
52 0.504
53 0.395
54 0.751
55 1.391
56 1.501
57 1.682
58 1.921
59 2.280
60 2.479
61 2.625
62 2.900
63 3.101
64 2.853
65 2.987
66 3.112
67 3.132
68 3.016
69 3.051
70 3.066
71 3.060
72 3.338
73 3.155
74 2.757
75 2.484
76 2.362
77 2.414
78 2.145
79 2.193
80 2.262
81 2.269
82 2.674
83 2.433
84 2.495
85 2.632
86 2.577
87 2.440
88 2.062
89 2.061
90 1.507
91 1.394
92 1.113
93 1.081
94 1.105
95 1.342
96 1.351
97 2.560
98 2.890
99 4.383
100 3.917
101 4.597
102 4.718
106 1.514
107 1.354
108 1.379
109 1.381
110 1.804
111 2.015
112 2.435
113 2.566
114 2.907
115 2.965
116 2.888
117 2.475
118 2.173
119 1.810
120 1.627
121 1.354
122 1.350
123 1.066
124 0.909
125 1.007
126 1.263
127 1.416
128 1.100
129 1.455
130 1.466
131 1.630
132 1.841
133 2.255
134 2.431
135 2.920
136 2.717
137 2.388
138 2.515
139 2.399
140 2.107
141 2.061
142 1.582
143 1.260
144 1.023
145 0.565
146 0.388
147 0.432
148 0.775
149 1.141
150 1.429
151 1.742
152 2.014
153 1.914
154 1.663
155 1.570
156 1.969
157 2.194
158 2.097
159 1.575
160 1.347
161 1.356
162 1.186
163 1.443
164 1.733
165 1.823
166 1.530
167 1.221
168 0.909
169 0.809
170 0.814
171 1.329
172 1.008
173 3.144
174 1.820
175 2.385
176 3.082
177 1.618
178 1.694
179 4.348
180 3.204
181 2.721
182 2.551
183 1.886
184 1.842
185 1.465
186 0.962
187 1.002
188 0.781
189 0.985
190 1.007
191 0.785
192 1.044
193 1.281
194 1.151
195 1.122
196 1.286
197 1.416
198 1.438
199 1.430
200 1.432
201 1.336
202 0.861
203 0.612
204 0.276
205 0.339
206 0.620
207 0.976
208 1.354
209 1.476
210 2.431
211 1.260
212 1.812
