1 3.171
2 3.234
3 3.359
4 3.619
5 3.308
6 3.385
7 3.484
8 3.482
9 3.504
10 3.494
11 3.411
12 3.687
13 3.870
14 3.535
15 3.230
16 2.712
17 2.571
18 2.661
19 2.577
20 2.728
21 3.078
22 2.799
23 2.772
24 2.870
25 2.643
26 2.306
27 2.391
28 2.577
29 2.442
30 2.248
31 1.906
32 1.651
33 1.510
34 1.119
35 0.839
36 0.348
37 0.515
38 0.566
39 1.005
40 1.135
41 1.586
42 1.557
43 1.908
44 2.015
45 2.475
46 2.614
47 2.769
48 2.219
49 1.602
50 1.393
51 0.740
52 0.549
53 0.527
54 1.026
55 1.592
56 1.712
57 1.886
58 2.168
59 2.461
60 2.706
61 2.865
62 3.148
63 3.357
64 3.160
65 3.336
66 3.532
67 3.556
68 3.380
69 3.434
70 3.509
71 3.515
72 3.836
73 3.667
74 3.243
75 2.943
76 2.798
77 2.898
78 2.654
79 2.654
80 2.757
81 2.741
82 3.079
83 2.843
84 2.827
85 2.928
86 2.807
87 2.642
88 2.159
89 2.115
90 1.547
91 1.420
92 1.121
93 1.067
94 1.075
95 1.317
96 1.332
97 2.350
98 2.654
99 4.107
100 3.621
101 4.275
102 4.523
106 1.857
107 1.701
108 1.717
109 1.787
110 2.227
111 2.448
112 2.832
113 2.947
114 3.307
115 3.285
116 3.193
117 2.747
118 2.462
119 2.124
120 1.922
121 1.640
122 1.612
123 1.286
124 1.021
125 1.029
126 1.273
127 1.429
128 1.095
129 1.437
130 1.454
131 1.624
132 1.842
133 2.304
134 2.473
135 3.016
136 2.796
137 2.423
138 2.481
139 2.392
140 2.164
141 2.119
142 1.606
143 1.294
144 1.013
145 0.545
146 0.326
147 0.357
148 0.753
149 1.106
150 1.455
151 1.710
152 1.937
153 1.823
154 1.516
155 1.422
156 1.856
157 2.138
158 2.078
159 1.596
160 1.388
161 1.453
162 1.336
163 1.652
164 1.899
165 1.982
166 1.595
167 1.359
168 0.980
169 0.843
170 0.820
171 1.336
172 1.038
173 3.474
174 2.000
175 2.583
176 3.217
177 1.835
178 1.531
179 4.135
180 3.042
181 2.599
182 2.447
183 1.821
184 1.870
185 1.483
186 0.880
187 0.991
188 0.773
189 1.001
190 0.992
191 0.747
192 0.916
193 1.105
194 0.869
195 0.802
196 0.948
197 1.179
198 1.224
199 1.215
200 1.259
201 1.249
202 0.811
203 0.614
204 0.273
205 0.370
206 0.595
207 0.975
208 1.363
209 1.465
210 2.448
211 1.225
212 1.885
