1 2.201
2 2.090
3 2.178
4 2.490
5 2.288
6 2.350
7 2.425
8 2.543
9 2.693
10 2.684
11 2.581
12 2.969
13 3.217
14 2.903
15 2.696
16 2.252
17 2.292
18 2.420
19 2.387
20 2.365
21 2.890
22 2.433
23 2.408
24 2.695
25 2.496
26 1.996
27 2.282
28 2.335
29 2.263
30 1.932
31 1.628
32 1.347
33 1.194
34 0.767
35 0.257
36 0.241
37 0.656
38 0.875
39 1.439
40 1.505
41 1.868
42 1.744
43 1.965
44 2.024
45 2.407
46 2.542
47 2.797
48 2.272
49 1.783
50 1.620
51 0.821
52 0.480
53 0.358
54 0.511
55 1.242
56 1.323
57 1.454
58 1.652
59 2.088
60 2.263
61 2.376
62 2.616
63 2.817
64 2.518
65 2.591
66 2.640
67 2.652
68 2.594
69 2.615
70 2.574
71 2.556
72 2.800
73 2.618
74 2.228
75 1.998
76 1.919
77 1.927
78 1.642
79 1.753
80 1.796
81 1.803
82 2.222
83 2.020
84 2.136
85 2.335
86 2.350
87 2.224
88 1.963
89 2.010
90 1.543
91 1.431
92 1.176
93 1.195
94 1.202
95 1.387
96 1.366
97 2.678
98 3.083
99 4.586
100 4.148
101 4.868
102 4.856
106 1.199
107 1.035
108 1.076
109 1.023
110 1.378
111 1.567
112 1.992
113 2.126
114 2.460
115 2.583
116 2.510
117 2.156
118 1.868
119 1.464
120 1.315
121 1.087
122 1.071
123 0.871
124 0.891
125 1.021
126 1.298
127 1.451
128 1.159
129 1.461
130 1.445
131 1.547
132 1.720
133 2.103
134 2.275
135 2.711
136 2.539
137 2.235
138 2.455
139 2.252
140 1.917
141 1.902
142 1.472
143 1.189
144 1.012
145 0.542
146 0.466
147 0.507
148 0.805
149 1.189
150 1.436
151 1.812
152 2.106
153 2.009
154 1.827
155 1.734
156 2.061
157 2.198
158 2.107
159 1.551
160 1.324
161 1.246
162 1.009
163 1.198
164 1.550
165 1.613
166 1.445
167 1.072
168 0.799
169 0.729
170 0.721
171 1.292
172 0.968
173 2.815
174 1.552
175 2.096
176 2.830
177 1.365
178 1.743
179 4.470
180 3.250
181 2.728
182 2.562
183 1.848
184 1.693
185 1.370
186 0.974
187 0.921
188 0.706
189 0.895
190 0.984
191 0.868
192 1.182
193 1.506
194 1.446
195 1.426
196 1.643
197 1.646
198 1.637
199 1.652
200 1.602
201 1.445
202 1.040
203 0.714
204 0.316
205 0.293
206 0.546
207 0.876
208 1.244
209 1.396
210 2.307
211 1.175
212 1.631
